17.308900
18.074500
21.929300
42.000000
15.888700
6.971880
2.714750
0.946515
0.309936
0.099076
0.031434
0.009955
0.003159
0.001019
0.000373
0.000260
0.000509
0.001482
0.004595
0.014386
0.045070
0.140582
0.431941
1.272690
3.401630
7.778570
14.121100
22.328800
23.270900
18.801900
9.571300
4.673660
2.816380
3.456320
7.135260
15.936600
18.416000
15.666800
6.550450
2.401070
0.773204
0.236286
0.071326
0.021568
0.006554
0.002001
0.000614
0.000189
0.000058
0.000018
0.000006
0.000002
0.000001
0.000000
0.000000
19.277200
18.803700
20.145900
17.898900
13.346200
6.181580
2.499250
0.885553
0.292272
0.093790
0.029808
0.009450
0.003004
0.000976
0.000365
0.000260
0.000501
0.001434
0.004414
0.013782
0.043146
0.134665
0.414790
1.229000
3.333350
7.772150
16.223100
23.320900
42.000000
17.230700
9.068890
4.370430
2.563390
3.005070
6.172030
12.917800
42.000000
12.670200
5.636380
2.038470
0.665544
0.206482
0.063182
0.019311
0.005917
0.001819
0.000561
0.000173
0.000054
0.000017
0.000005
0.000002
0.000001
0.000000
0.000000
25.066500
22.217600
17.820900
13.940100
9.452220
5.233820
2.234910
0.810160
0.270231
0.087107
0.027741
0.008815
0.002824
0.000945
0.000383
0.000293
0.000530
0.001426
0.004272
0.013187
0.041095
0.128168
0.395602
1.179220
3.222740
7.748010
15.880100
42.000000
22.470600
15.876600
8.054140
3.902520
2.134880
2.216280
4.139870
9.453640
10.820800
9.253860
3.709570
1.415300
0.481294
0.155886
0.049375
0.015505
0.004853
0.001517
0.000474
0.000148
0.000046
0.000015
0.000005
0.000001
0.000000
0.000000
0.000000
42.000000
26.549900
19.737200
14.598600
9.404800
5.045950
2.094550
0.749083
0.247873
0.079594
0.025322
0.008087
0.002661
0.000979
0.000492
0.000430
0.000668
0.001538
0.004272
0.012751
0.039098
0.121026
0.372931
1.113340
3.060610
7.171710
14.843400
19.088300
19.118700
12.806000
7.389930
3.414200
1.679660
1.400460
2.228420
3.372490
4.010210
3.238870
1.924950
0.788053
0.293041
0.101639
0.034010
0.011146
0.003608
0.001159
0.000371
0.000118
0.000038
0.000012
0.000004
0.000001
0.000000
0.000000
0.000000
42.000000
29.672700
25.778000
18.806500
12.821700
5.359290
2.042020
0.692888
0.223627
0.070990
0.022559
0.007349
0.002646
0.001255
0.000902
0.000896
0.001146
0.002006
0.004702
0.012925
0.037907
0.114293
0.347353
1.034770
2.850470
6.819170
12.261600
18.781900
18.785200
14.578600
6.888130
2.994260
1.286410
0.809957
0.892836
1.153010
1.256870
1.076120
0.700593
0.360878
0.150743
0.057523
0.020698
0.007182
0.002433
0.000811
0.000267
0.000087
0.000028
0.000009
0.000003
0.000001
0.000000
0.000000
0.000000
26.624100
42.000000
24.716200
42.000000
12.807600
5.267560
1.851750
0.605752
0.191804
0.060563
0.019496
0.006851
0.003187
0.002342
0.002311
0.002447
0.002689
0.003499
0.006287
0.014841
0.039738
0.112075
0.325201
0.946258
2.631770
6.445060
14.460200
21.107300
42.000000
14.210600
6.400270
2.511110
0.966289
0.460690
0.356786
0.373509
0.381732
0.330290
0.234643
0.136549
0.066886
0.028497
0.011193
0.004161
0.001490
0.000520
0.000178
0.000060
0.000020
0.000007
0.000002
0.000001
0.000000
0.000000
0.000000
15.483100
17.491200
19.103400
14.682100
10.267800
3.970040
1.428980
0.469636
0.150419
0.048355
0.016548
0.007342
0.005534
0.006079
0.007045
0.007604
0.007659
0.007991
0.010769
0.020955
0.049943
0.126250
0.327902
0.875369
2.327270
5.910990
13.309400
42.000000
18.847300
12.143800
4.962150
1.903790
0.688264
0.276456
0.155158
0.126816
0.117186
0.100784
0.075157
0.047894
0.026212
0.012573
0.005429
0.002182
0.000833
0.000306
0.000109
0.000038
0.000013
0.000004
0.000002
0.000001
0.000000
0.000000
0.000000
6.806000
8.279880
8.210520
6.883820
4.450380
2.310310
0.887264
0.312109
0.105023
0.035956
0.014873
0.010823
0.013402
0.018373
0.022926
0.024968
0.023913
0.021523
0.022395
0.035524
0.079022
0.185705
0.419709
0.924936
2.066790
4.569080
10.235400
12.539900
11.805100
6.387220
3.141240
1.222830
0.447042
0.167867
0.076014
0.047726
0.037996
0.031349
0.023880
0.016131
0.009592
0.005054
0.002397
0.001044
0.000427
0.000166
0.000063
0.000023
0.000008
0.000003
0.000001
0.000000
0.000000
0.000000
0.000000
2.535770
3.142970
3.164580
2.612710
1.777200
0.978805
0.450323
0.175988
0.065081
0.025918
0.016610
0.022058
0.037318
0.057957
0.076469
0.084275
0.078001
0.062890
0.051887
0.064704
0.137846
0.347568
0.761588
1.418490
2.298010
3.579270
4.789040
5.408020
4.595740
3.061410
1.525360
0.664053
0.257084
0.097530
0.040022
0.020362
0.013442
0.010174
0.007666
0.005349
0.003371
0.001911
0.000981
0.000462
0.000203
0.000084
0.000033
0.000013
0.000005
0.000002
0.000001
0.000000
0.000000
0.000000
0.000000
0.817949
1.028360
1.043230
0.880378
0.622773
0.373093
0.191074
0.086358
0.037070
0.020464
0.024486
0.050445
0.104134
0.182335
0.257044
0.289601
0.259346
0.189573
0.125541
0.115720
0.226358
0.623969
1.708170
3.122760
4.267370
4.146290
3.434160
2.512500
1.841570
1.192260
0.658225
0.308663
0.131229
0.052433
0.021185
0.009556
0.005286
0.003526
0.002531
0.001775
0.001160
0.000695
0.000381
0.000192
0.000090
0.000040
0.000017
0.000007
0.000003
0.000001
0.000000
0.000000
0.000000
0.000000
0.000000
0.246468
0.310772
0.319275
0.277050
0.206254
0.133225
0.075974
0.039796
0.022239
0.020640
0.040430
0.105396
0.269815
0.547399
0.859651
0.993491
0.863017
0.557289
0.297788
0.190922
0.317485
0.932518
2.820350
8.411050
10.018200
8.889940
3.546470
1.637310
0.850264
0.480048
0.263422
0.132677
0.060710
0.025984
0.010800
0.004665
0.002282
0.001327
0.000876
0.000599
0.000397
0.000247
0.000142
0.000076
0.000038
0.000018
0.000008
0.000004
0.000002
0.000001
0.000000
0.000000
0.000000
0.000000
0.000000
0.073104
0.092329
0.096506
0.087108
0.069511
0.050259
0.034167
0.023487
0.019538
0.026965
0.063447
0.185824
0.549385
1.515650
2.666340
3.350720
2.670710
1.527690
0.580708
0.279065
0.369094
1.057350
3.452430
9.638300
42.000000
9.841880
3.745420
1.305940
0.506511
0.226392
0.111752
0.055821
0.026713
0.012071
0.005239
0.002267
0.001042
0.000542
0.000323
0.000209
0.000138
0.000088
0.000053
0.000030
0.000017
0.000009
0.000005
0.000003
0.000002
0.000001
0.000001
0.000001
0.000000
0.000000
0.000000
0.022825
0.028896
0.032072
0.032987
0.032979
0.032979
0.032877
0.032275
0.032808
0.042866
0.090470
0.266378
0.865927
2.670060
8.110800
9.481130
8.114980
2.681020
0.893520
0.346960
0.352062
0.913408
2.725790
8.173730
9.584340
8.251760
2.828540
0.982532
0.337696
0.127423
0.054016
0.024892
0.011745
0.005441
0.002443
0.001078
0.000486
0.000235
0.000128
0.000078
0.000051
0.000034
0.000023
0.000016
0.000011
0.000009
0.000007
0.000006
0.000004
0.000003
0.000002
0.000002
0.000001
0.000001
0.000001
0.009422
0.012245
0.017652
0.027443
0.043127
0.062883
0.080498
0.088501
0.085782
0.084780
0.123724
0.313406
1.008220
3.360490
9.486520
42.000000
9.488570
3.365860
1.022440
0.358828
0.279645
0.589743
1.547140
2.705250
3.401370
2.728370
1.573770
0.592008
0.211638
0.076134
0.029257
0.012214
0.005430
0.002475
0.001124
0.000505
0.000228
0.000108
0.000056
0.000034
0.000025
0.000021
0.000020
0.000020
0.000020
0.000020
0.000018
0.000016
0.000013
0.000010
0.000007
0.000005
0.000003
0.000002
0.000002
0.007367
0.010574
0.022415
0.051227
0.105851
0.184358
0.259418
0.293137
0.266735
0.209451
0.186566
0.315001
0.891460
2.687890
8.126970
9.495810
8.126290
2.684980
0.884352
0.303777
0.189143
0.301385
0.565685
0.877073
1.012920
0.881377
0.567001
0.284232
0.113906
0.043127
0.016339
0.006457
0.002700
0.001182
0.000530
0.000240
0.000111
0.000055
0.000032
0.000026
0.000028
0.000035
0.000044
0.000053
0.000059
0.000061
0.000058
0.000051
0.000041
0.000031
0.000021
0.000013
0.000008
0.000005
0.000004
0.009024
0.014500
0.037978
0.104865
0.270478
0.549084
0.862487
0.998030
0.870984
0.573912
0.338725
0.301055
0.603073
1.551580
2.699610
3.383620
2.698280
1.542730
0.572532
0.214120
0.115002
0.128151
0.193793
0.265113
0.296688
0.264552
0.189019
0.108939
0.052490
0.022094
0.008854
0.003540
0.001456
0.000625
0.000279
0.000130
0.000065
0.000040
0.000035
0.000045
0.000067
0.000097
0.000132
0.000166
0.000190
0.000199
0.000189
0.000164
0.000130
0.000094
0.000062
0.000038
0.000022
0.000013
0.000010
0.011763
0.020507
0.059386
0.184147
0.550072
1.518710
2.671730
3.358310
2.681170
1.542460
0.602847
0.309159
0.357631
0.607776
0.921718
1.060680
0.926210
0.603465
0.312196
0.138013
0.071359
0.057934
0.067850
0.082624
0.088974
0.081093
0.061981
0.039999
0.022123
0.010819
0.004877
0.002134
0.000941
0.000430
0.000207
0.000108
0.000066
0.000056
0.000071
0.000114
0.000187
0.000290
0.000413
0.000534
0.000623
0.000655
0.000621
0.000531
0.000409
0.000285
0.000180
0.000104
0.000056
0.000031
0.000022
0.014503
0.026343
0.079503
0.261604
0.867433
2.677780
8.120730
9.493630
8.129580
2.698970
0.909466
0.345333
0.240390
0.299777
0.399670
0.458406
0.430184
0.331234
0.212527
0.119103
0.063733
0.039276
0.032564
0.033155
0.034097
0.031942
0.026394
0.019150
0.012298
0.007105
0.003792
0.001937
0.000989
0.000523
0.000293
0.000176
0.000123
0.000119
0.000171
0.000300
0.000530
0.000870
0.001295
0.001728
0.002055
0.002177
0.002050
0.001718
0.001283
0.000856
0.000513
0.000278
0.000140
0.000071
0.000049
0.017311
0.030826
0.090994
0.300526
1.012510
3.380090
9.513280
42.000000
9.517050
3.395590
1.051910
0.385272
0.259945
0.330933
0.471559
0.588730
0.607618
0.510470
0.351322
0.201755
0.102383
0.052629
0.035074
0.032667
0.034606
0.034953
0.031469
0.024831
0.017206
0.010636
0.006047
0.003319
0.001855
0.001087
0.000665
0.000421
0.000294
0.000279
0.000411
0.000768
0.001458
0.002561
0.004027
0.005593
0.006820
0.007283
0.006803
0.005561
0.003987
0.002517
0.001410
0.000709
0.000329
0.000154
0.000099
0.021964
0.035377
0.093878
0.285683
0.906716
2.735660
8.189780
9.556450
8.177810
2.733220
0.945033
0.413624
0.409385
0.700431
1.169360
1.607470
1.718800
1.426430
0.913847
0.470214
0.207033
0.097828
0.069045
0.074836
0.089086
0.095531
0.087392
0.067576
0.044712
0.026052
0.014156
0.007738
0.004522
0.002814
0.001786
0.001127
0.000746
0.000650
0.000937
0.001856
0.003833
0.007314
0.012340
0.018076
0.022777
0.024592
0.022715
0.017967
0.012207
0.007174
0.003689
0.001694
0.000717
0.000307
0.000187
0.032370
0.045907
0.102477
0.256881
0.661697
1.669380
2.834760
3.498540
2.779210
1.608460
0.670734
0.448393
0.727921
1.583800
3.135690
4.622480
5.134520
4.044580
2.367730
1.005390
0.390150
0.182263
0.157903
0.213963
0.285284
0.318783
0.287119
0.209824
0.126718
0.067264
0.034470
0.019251
0.011984
0.007846
0.005040
0.003086
0.001896
0.001474
0.002002
0.004142
0.009396
0.019881
0.036874
0.058059
0.076581
0.083932
0.076356
0.057679
0.036430
0.019438
0.008970
0.003694
0.001425
0.000561
0.000322
0.053130
0.073718
0.151826
0.309433
0.577566
0.924578
1.227320
1.277050
1.042810
0.674514
0.435176
0.506305
1.184990
3.140260
6.746980
12.249500
13.218000
10.518600
4.630440
1.740590
0.621082
0.306456
0.359438
0.614832
0.934088
1.079900
0.951623
0.631759
0.338721
0.159014
0.081639
0.049485
0.033550
0.022798
0.014447
0.008390
0.004718
0.003246
0.004028
0.008426
0.020715
0.049912
0.104920
0.183581
0.258102
0.289714
0.257273
0.182232
0.103429
0.048506
0.019440
0.007181
0.002540
0.000929
0.000507
0.085573
0.129029
0.303711
0.624863
1.022680
1.269930
1.228000
0.932618
0.598224
0.363180
0.308231
0.563638
1.606210
4.624980
12.251200
21.509200
42.000000
16.443500
6.595740
2.333300
0.811400
0.450546
0.694375
1.658570
2.847630
3.572800
2.920080
1.756350
0.747118
0.342361
0.193640
0.134791
0.099181
0.067970
0.041183
0.022051
0.011232
0.006947
0.007825
0.015732
0.040260
0.107813
0.273864
0.552240
0.863949
0.995522
0.860895
0.547530
0.268965
0.103430
0.036432
0.012217
0.004019
0.001383
0.000724
0.122451
0.209031
0.573266
1.564140
2.759090
3.492130
2.837790
1.680400
0.684651
0.312777
0.265509
0.566648
1.711860
5.137710
13.222800
42.000000
42.000000
17.012900
6.760630
2.402740
0.864300
0.568000
1.092470
2.972350
8.436760
9.927370
8.651020
3.288620
1.380130
0.698069
0.484047
0.394594
0.305775
0.203893
0.113249
0.054103
0.024680
0.014592
0.015519
0.028199
0.069235
0.195553
0.562697
1.531140
2.679970
3.358090
2.669730
1.515750
0.547530
0.182232
0.057682
0.017979
0.005600
0.001844
0.000937
0.148677
0.283800
0.879737
2.697460
8.159760
9.552880
8.197760
2.752720
0.934526
0.342224
0.243920
0.489625
1.429350
4.056280
10.530700
16.451700
17.016500
11.492000
5.041950
1.909990
0.760840
0.615265
1.344150
3.944470
10.318000
42.000000
10.822900
4.731360
2.192390
1.427640
1.295560
1.208740
0.959899
0.590189
0.288022
0.115328
0.049197
0.030899
0.033848
0.053532
0.111648
0.296742
0.904428
2.712690
8.143490
9.497640
8.115090
2.669730
0.860894
0.257273
0.076360
0.022728
0.006847
0.002194
0.001094
0.150251
0.312798
1.007520
3.368240
9.504410
42.000000
9.530030
3.408540
1.051580
0.363490
0.224349
0.372657
0.943818
2.399520
4.655540
6.610150
6.767140
5.045440
2.775560
1.209660
0.583381
0.589897
1.352990
3.685800
9.843480
11.974500
10.968900
5.392620
3.228390
2.950850
3.431570
3.733960
2.839430
1.587160
0.581779
0.207210
0.089565
0.068613
0.084751
0.120854
0.193915
0.405410
1.111460
3.462490
9.560960
42.000000
9.497630
3.358080
0.995520
0.289714
0.083936
0.024606
0.007329
0.002328
0.001153
0.126058
0.275040
0.869610
2.676690
8.122280
9.503610
8.150370
2.726530
0.935665
0.359377
0.233816
0.301953
0.563802
1.081210
1.787290
2.350580
2.404830
1.915800
1.225240
0.695268
0.462028
0.560910
1.196400
2.973540
5.781810
8.199840
8.434320
6.576890
4.666220
4.720480
9.178080
9.970330
8.299070
2.772150
0.917688
0.308370
0.154752
0.162058
0.236835
0.331412
0.428438
0.599222
1.159180
2.904120
8.266300
9.560940
8.143470
2.679950
0.863943
0.258101
0.076583
0.022790
0.006864
0.002200
0.001097
0.088125
0.193866
0.553345
1.521100
2.677960
3.374460
2.714750
1.602320
0.690865
0.405714
0.372731
0.418261
0.485464
0.583865
0.711657
0.817916
0.834629
0.756022
0.646162
0.569646
0.560714
0.677795
1.131410
2.346210
5.009150
10.913200
12.346600
10.848400
5.798240
5.844250
10.733100
42.000000
9.707940
3.486050
1.084830
0.390985
0.262565
0.391648
0.679548
1.015160
1.196550
1.204470
1.279620
1.969550
2.904080
3.462440
2.712650
1.531110
0.552226
0.183574
0.058059
0.018086
0.005631
0.001853
0.000941
0.051924
0.109995
0.272589
0.551630
0.869486
1.016980
0.917918
0.683404
0.578449
0.692966
0.944633
1.074750
0.974191
0.713287
0.492315
0.384210
0.391316
0.514958
0.758297
1.060470
1.243450
1.282870
1.404070
2.208510
4.843280
11.059800
42.000000
11.378400
5.942690
5.108310
9.330110
10.045200
8.354490
2.833060
1.004210
0.455957
0.452028
0.840007
1.860190
3.023680
3.686500
3.031210
2.020410
1.279510
1.159040
1.111350
0.904345
0.562644
0.273833
0.104904
0.036868
0.012345
0.004056
0.001395
0.000730
0.026192
0.051802
0.105652
0.185577
0.265733
0.313837
0.328043
0.387173
0.683554
1.603230
2.728140
3.407180
2.733370
1.597780
0.649739
0.329863
0.335509
0.671076
1.649190
2.848260
3.639860
3.159780
2.383600
2.234440
3.898150
9.224500
10.643400
9.443060
4.467380
3.426440
3.638140
3.845770
2.930470
1.709150
0.785973
0.582703
0.815406
1.595010
3.536670
8.836140
9.993040
8.460730
3.030900
1.204060
0.598860
0.405133
0.296547
0.195426
0.107736
0.049868
0.019860
0.007309
0.002579
0.000941
0.000513
0.011616
0.020994
0.037876
0.060595
0.084744
0.110020
0.159821
0.327974
0.917669
2.713850
8.147670
9.514730
8.149540
2.715650
0.925109
0.376690
0.383271
0.951969
2.783960
8.270740
9.796510
8.684000
3.604070
2.321070
2.832760
3.912480
4.578430
3.863560
2.700400
1.768070
1.484590
1.322270
1.068400
0.775958
0.695415
0.957545
1.629820
2.816860
5.374850
11.079200
42.000000
9.992720
3.685450
1.195350
0.427434
0.193170
0.111129
0.068896
0.040054
0.020599
0.009338
0.003809
0.001461
0.000573
0.000328
0.004690
0.007926
0.013242
0.020577
0.030790
0.050831
0.109999
0.313696
1.016380
3.372470
9.498170
42.000000
9.501980
3.382590
1.043830
0.400807
0.408725
1.077560
3.470980
9.672690
42.000000
10.215300
4.493880
2.535160
2.329880
2.604670
2.651700
2.254140
1.592560
1.028110
0.685651
0.515728
0.431350
0.467241
0.818229
1.937180
3.574250
5.390120
6.998470
11.216800
11.081200
8.835510
3.020700
1.011740
0.328565
0.118717
0.052042
0.027242
0.015171
0.008125
0.003994
0.001791
0.000748
0.000317
0.000192
0.001805
0.002925
0.004782
0.007833
0.014012
0.030815
0.084758
0.265628
0.868882
2.675780
8.117050
9.487850
8.121990
2.688440
0.899831
0.353234
0.361855
0.937424
2.794880
8.349440
10.003100
9.096510
4.262470
3.143220
3.325960
3.719470
3.607720
2.853130
1.833990
1.000220
0.513014
0.295573
0.249979
0.404892
1.061880
3.060060
8.863850
11.105900
11.236100
7.012410
5.382840
3.534390
1.851610
0.669891
0.228489
0.078370
0.029446
0.012792
0.006309
0.003266
0.001652
0.000788
0.000355
0.000162
0.000104
0.000697
0.001115
0.001908
0.003581
0.007889
0.020692
0.060760
0.185715
0.551439
1.519740
2.672000
3.356910
2.676060
1.530220
0.576501
0.253849
0.262179
0.612899
1.637890
2.953930
3.982260
3.922560
3.830200
4.604250
6.506730
8.094140
7.933220
5.949360
3.424370
1.562160
0.647021
0.285986
0.212040
0.395571
1.162840
3.684150
10.032100
42.000000
11.161200
5.438580
2.834170
1.584620
0.814877
0.363028
0.136501
0.049012
0.017805
0.006941
0.003005
0.001423
0.000700
0.000340
0.000161
0.000079
0.000053
0.000293
0.000474
0.000901
0.001978
0.004961
0.013598
0.038484
0.106514
0.273481
0.553567
0.867878
1.002390
0.870464
0.560439
0.290487
0.151130
0.158539
0.322367
0.654814
1.122790
1.623310
2.307710
3.747010
6.952180
13.054200
18.198200
18.046700
12.583100
6.088870
2.550260
0.943141
0.354775
0.213659
0.361361
1.026140
2.980010
8.553260
10.184600
9.042950
3.688710
1.656760
0.774972
0.373535
0.172229
0.073018
0.028397
0.010702
0.004078
0.001636
0.000705
0.000324
0.000153
0.000073
0.000037
0.000026
0.000156
0.000253
0.000537
0.001302
0.003375
0.008897
0.022844
0.054808
0.113941
0.197661
0.276848
0.311052
0.278464
0.202135
0.125050
0.082276
0.088820
0.152739
0.283615
0.504296
0.921263
1.890180
4.269540
9.521850
19.309500
42.000000
42.000000
18.961300
8.938960
3.586240
1.262870
0.437954
0.222643
0.310595
0.757511
1.905860
3.284370
4.137320
3.476010
2.180320
0.990695
0.442052
0.198893
0.090024
0.039664
0.016655
0.006674
0.002618
0.001033
0.000421
0.000180
0.000080
0.000038
0.000019
0.000014
0.000130
0.000196
0.000438
0.001096
0.002815
0.007081
0.016756
0.035628
0.065904
0.103528
0.136521
0.150079
0.137816
0.107153
0.074780
0.056471
0.062737
0.101139
0.184918
0.358509
0.773555
1.875960
4.689470
10.918600
23.284400
42.000000
42.000000
23.006600
10.450600
4.178970
1.454680
0.491231
0.231948
0.285425
0.616472
1.221440
1.920000
2.260700
2.021910
1.367120
0.739179
0.338012
0.149329
0.066109
0.029219
0.012630
0.005270
0.002128
0.000846
0.000339
0.000140
0.000060
0.000027
0.000014
0.000010
